840,4594 -> 840,3019
5473,1317 -> 6192,2036
315,5124 -> 880,5124
3313,2256 -> 3313,5756
4602,2728 -> 5999,1331
1179,4389 -> 1179,3040
6007,5856 -> 2443,5856
727,3365 -> 2815,3365
3943,5405 -> 5649,5405
4349,2001 -> 4352,1998
4752,4638 -> 2751,4638
4505,4746 -> 3317,5934
4624,2956 -> 4624,4749
5665,1863 -> 5665,5333
4268,709 -> 3678,709
2270,3244 -> 1178,3244
4534,4349 -> 3204,5679
2187,2888 -> 5184,2888
4739,3160 -> 427,3160
5923,4797 -> 5024,4797
5793,1333 -> 3419,1333
4456,3956 -> 4456,2382
2486,3757 -> 816,5427
1881,912 -> 3405,912
2877,1979 -> 3593,1263
4628,6292 -> 4628,4233
3125,5281 -> 3125,3274
4906,5542 -> 2976,5542
2028,1013 -> 1081,66
5832,239 -> 5832,3665
4509,5887 -> 4229,6167
3759,6291 -> 3819,6351
745,4782 -> 526,4782
1496,3815 -> 2344,3815
917,3954 -> 2651,5688
2925,5736 -> 4319,4342
3647,1377 -> 3357,1667
3324,1090 -> 3324,5710
2777,4586 -> 3446,3917
2811,1520 -> 4857,1520
762,5773 -> 2807,3728
2291,2418 -> 5262,2418
1305,3679 -> 1305,3035
140,4002 -> 140,40
3841,4179 -> 2589,2927
6357,1707 -> 3647,1707
3496,3097 -> 5548,5149
38,2276 -> 5050,2276
2812,5745 -> 2891,5824
3313,4708 -> 1989,3384
3501,4304 -> 1956,2759
740,3464 -> 1022,3464
2745,308 -> 2745,221
292,5055 -> 292,718
1656,3896 -> 3446,2106
438,5899 -> 303,5899
555,501 -> 2545,501
6231,1005 -> 5861,635
625,1953 -> 625,427
1657,1805 -> 2909,1805
5593,5476 -> 4871,6198
4198,3942 -> 4198,2678
1574,3044 -> 1574,3058
1191,6102 -> 938,6355
5482,6354 -> 5795,6041
165,1198 -> 165,6161
4726,760 -> 4481,1005
1948,3147 -> 1948,4920
4677,5058 -> 3970,5058
2907,4237 -> 2907,1216
3215,268 -> 3316,167
3703,2832 -> 4519,3648
5988,2943 -> 2932,2943
2020,990 -> 2510,990
3694,5204 -> 3694,2896
5795,3690 -> 5795,4777
4564,3528 -> 3972,3528
1941,530 -> 5760,530
4541,5893 -> 4541,2929
6312,837 -> 282,837
5883,1285 -> 5171,573
4489,1184 -> 4538,1184
1760,308 -> 1833,235
2556,595 -> 362,2789
5858,139 -> 5821,102
5263,3187 -> 2993,917
5727,3743 -> 4301,5169
3926,5762 -> 3926,1388
4312,5228 -> 4312,4969
6315,2567 -> 6315,4050
1000,2864 -> 1000,1320
2849,862 -> 3705,1718
3020,4531 -> 4246,5757
5120,3475 -> 2398,6197
2789,2135 -> 808,2135
1963,3989 -> 5739,3989
218,3622 -> 81,3485
4759,489 -> 2405,2843
1879,5393 -> 417,3931
4340,3830 -> 5096,3830
506,4963 -> 4308,4963
3791,1475 -> 3791,4072
2558,6269 -> 3636,5191
642,2031 -> 642,1904
2142,1811 -> 4286,3955
5891,2493 -> 6170,2214
3399,112 -> 3399,2511
2079,4431 -> 2079,4877
5114,72 -> 5517,475
344,1426 -> 77,1693
6281,256 -> 6306,231
1576,2589 -> 3189,2589
1112,4441 -> 785,4441
1104,3383 -> 6328,3383
4409,431 -> 2996,431
6369,3812 -> 6374,3817
575,3353 -> 1088,3353
5175,1636 -> 1413,1636
2202,3719 -> 2202,4601
1733,5219 -> 1733,2823
1036,4619 -> 1036,383
2015,6122 -> 404,6122
1479,2944 -> 1479,1129
4410,1695 -> 1540,1695
2750,1191 -> 3883,2324
4072,1146 -> 4072,4157
5092,4425 -> 1370,703
2946,3727 -> 6293,3727
4156,4659 -> 4120,4623
3389,550 -> 3389,759
627,3651 -> 3446,832
3886,5038 -> 3886,3903
1369,1973 -> 1369,5146
1668,4161 -> 967,4161
3827,1282 -> 2209,1282
2438,2157 -> 4423,2157
3048,1807 -> 5989,1807
4531,2108 -> 5054,1585
661,3859 -> 3047,3859
5401,1522 -> 4266,387
1347,3885 -> 4980,252
4975,5454 -> 6268,4161
6109,1262 -> 6109,916
1138,1546 -> 2230,1546
3553,5570 -> 3385,5738
998,3486 -> 998,64
4616,6070 -> 4616,3738
3452,3596 -> 5236,5380
1263,3093 -> 3453,903
3823,165 -> 3823,1335
1991,2513 -> 2538,1966
2918,781 -> 3263,1126
2163,5748 -> 6268,1643
2733,5028 -> 5681,5028
4158,731 -> 1532,731
394,4983 -> 1447,3930
4171,3300 -> 2522,3300
5897,3428 -> 4449,4876
1439,5936 -> 6266,5936
3553,6057 -> 3338,6272
4487,627 -> 5358,1498
3943,3033 -> 5512,3033
3302,3454 -> 3302,5110
3966,4701 -> 5431,3236
5095,6382 -> 842,6382
2593,4589 -> 3130,4052
5472,6086 -> 5738,6352
3431,1613 -> 3431,3161
2152,4114 -> 2152,2848
4252,3839 -> 6168,3839
3166,1135 -> 3139,1108
242,4098 -> 2586,1754
6317,1229 -> 6376,1170
3150,3663 -> 3464,3349
3513,2172 -> 4815,2172
2020,2642 -> 2020,4086
4238,4867 -> 22,651
3597,1850 -> 3597,1404
3580,6314 -> 4571,5323
2383,2086 -> 2135,1838
483,5502 -> 4627,5502
1524,3728 -> 3578,3728
439,1482 -> 266,1309
1994,5743 -> 1994,1834
471,1291 -> 501,1291
996,2676 -> 996,4389
2282,201 -> 2282,110
4233,1069 -> 3978,814
308,1147 -> 765,1147
5611,5332 -> 5681,5332
1367,662 -> 1881,148
5110,2289 -> 2282,5117
6065,4981 -> 6065,4224
3599,4264 -> 4845,4264
4890,2813 -> 1651,2813
3434,1969 -> 1942,3461
2479,2672 -> 1818,2011
3531,3272 -> 5073,3272
547,3803 -> 1075,3803
2557,3600 -> 4377,3600
3207,870 -> 3207,3128
5247,3679 -> 5247,668
5742,1566 -> 5742,3417
5983,4361 -> 5983,1708
1712,4885 -> 1712,4415
6328,3205 -> 3576,3205
3405,4923 -> 3836,5354
3193,3628 -> 6203,3628
3716,2731 -> 2112,1127
5188,5351 -> 1566,5351
227,1071 -> 26,870
100,1656 -> 0,1756
852,1761 -> 671,1761
882,2313 -> 882,2676
20,182 -> 0,162
6020,6212 -> 1752,6212
6012,4219 -> 3716,4219
4107,5593 -> 4107,3290
4018,1266 -> 3715,963
4437,212 -> 4280,55
5004,1557 -> 5004,5278
6219,2078 -> 1555,2078
2587,5478 -> 2587,223
3444,2354 -> 3444,913
1,3690 -> 2883,3690
5410,3110 -> 5410,2973
998,2616 -> 998,4439
122,3959 -> 481,4318
3557,3319 -> 3557,2232
548,2046 -> 262,2046
3413,1390 -> 4093,2070
460,3042 -> 1170,3042
3655,1560 -> 2709,614
3603,4764 -> 5031,6192
5866,5865 -> 5480,6251
4110,2080 -> 5016,2986
2655,1776 -> 5412,4533
4191,1586 -> 3280,675
2701,6112 -> 2813,6112
4205,6140 -> 4205,2662
2024,1446 -> 1422,844
479,2614 -> 1015,2614
1814,1235 -> 1814,5596
1475,1075 -> 1944,606
2851,3585 -> 396,1130
2464,2781 -> 24,2781
5671,1151 -> 5024,504
2628,5992 -> 6301,5992
2631,2531 -> 2376,2531
3573,1733 -> 611,1733
1620,5070 -> 1620,251
2078,5884 -> 55,5884
1224,2751 -> 1224,1143
3212,1788 -> 4145,855
1916,1094 -> 786,2224
2477,3699 -> 4288,3699
1760,1132 -> 1760,3074
1294,1652 -> 1307,1652
735,4299 -> 4413,621
322,2258 -> 82,2018
1199,2206 -> 512,2206
5059,4636 -> 5890,4636
1373,2378 -> 1017,2378
5004,6247 -> 5004,3954
2486,6196 -> 576,6196
3359,2060 -> 5189,3890
737,2257 -> 1286,1708
1003,4964 -> 3960,4964
1937,320 -> 1770,320
959,2827 -> 3901,5769
1381,651 -> 1381,2972
1527,1063 -> 1527,1635
2656,5482 -> 1984,5482
4614,338 -> 4614,6289
3100,989 -> 2519,989
2995,2597 -> 2995,1181
1242,2393 -> 2622,1013
5024,5116 -> 5024,2238
5462,3854 -> 5462,2505
5772,665 -> 5772,4980
275,4436 -> 275,3528
5011,350 -> 886,4475
313,1884 -> 313,1301
4558,2728 -> 2891,4395
1452,3536 -> 2843,4927
5398,1020 -> 5786,1408
816,4522 -> 372,4078
2816,4725 -> 2816,6267
5255,2016 -> 5049,1810
891,5089 -> 2750,3230
6071,1241 -> 3769,1241
457,1891 -> 372,1891
3270,4863 -> 5468,4863
5541,2267 -> 5911,1897
3188,1911 -> 3188,4233
4316,6072 -> 3385,6072
3510,2870 -> 3337,2870
916,2238 -> 6077,2238
2636,3152 -> 2636,161
2416,6335 -> 854,4773
2847,411 -> 4640,411
5893,3695 -> 5893,4453
5517,6172 -> 4795,6172
3068,5887 -> 1794,4613
1982,5735 -> 1851,5735
6149,4085 -> 5063,4085
4161,1041 -> 4161,6306
3593,2959 -> 3593,2405
4286,500 -> 4301,485
2096,5251 -> 2096,6257
1914,3535 -> 1616,3535
6324,6377 -> 6344,6397
2134,782 -> 2134,847
4238,400 -> 6149,400
2309,1939 -> 2165,1795
4830,1494 -> 5358,966
2667,4177 -> 5314,1530
3547,2726 -> 4389,3568
704,2637 -> 704,2395
1068,1886 -> 347,1165
671,1047 -> 671,1066
1526,3873 -> 325,2672
5550,2377 -> 861,2377
6312,5029 -> 5419,5922
5138,4589 -> 6119,3608
4412,3141 -> 3783,3141
466,5429 -> 466,2865
1460,3605 -> 1460,3396
3678,732 -> 3678,4259
2080,4347 -> 2080,596
3716,3227 -> 3716,4799
445,2655 -> 1109,3319
1575,5470 -> 1575,5765
416,2655 -> 416,5358
1951,4648 -> 1105,4648
2311,3070 -> 876,4505
5393,4534 -> 5431,4496
3058,550 -> 5164,2656
6075,5927 -> 4070,5927
5644,5323 -> 5644,5387
3904,5228 -> 3904,2940
4059,4618 -> 4059,3840
212,3847 -> 2717,6352
2645,6313 -> 2645,1304
3321,539 -> 3321,3619
5504,3793 -> 5504,2547
3602,206 -> 1360,206
1786,5263 -> 958,6091
155,4779 -> 155,5251
3137,6146 -> 3137,5185
2077,3373 -> 2077,2112
1865,5052 -> 1865,52
2958,448 -> 2570,60
5306,3585 -> 5081,3585
4052,6133 -> 6186,3999
1696,3979 -> 1407,3979
203,3793 -> 2607,6197
5404,6384 -> 5404,5106
2991,5231 -> 6163,2059
3599,5426 -> 3599,4138
2294,1389 -> 3190,1389
277,4715 -> 277,5782
943,5781 -> 913,5751
2431,4262 -> 5028,4262
4367,1977 -> 4661,2271
5796,3969 -> 2726,899
5389,3466 -> 5437,3466
1393,6100 -> 1393,5269
1899,4090 -> 486,2677
5586,5168 -> 5665,5089
2402,3381 -> 2892,3381
194,3701 -> 34,3541
2382,1707 -> 4994,4319
1353,6149 -> 1006,5802
2640,336 -> 4251,1947
1451,1110 -> 1451,5898
5014,4471 -> 5014,5768
1549,3461 -> 3851,5763
2649,3454 -> 2649,2343
2751,3821 -> 1385,3821
4849,5405 -> 4318,5936
6171,1587 -> 1399,1587
2378,5281 -> 4242,5281
5390,206 -> 3543,206
1921,1314 -> 1921,878
3683,4180 -> 5113,4180
560,4175 -> 2818,4175
5039,2335 -> 1360,2335
1727,2044 -> 5232,2044
2340,2680 -> 1727,2067
826,2848 -> 1497,2177
1097,4408 -> 1843,4408
1114,961 -> 1224,961
2224,3270 -> 3211,2283
2225,1890 -> 543,1890
4668,5629 -> 4212,6085
6364,3678 -> 6364,2845
38,3613 -> 11,3640
5936,1674 -> 5936,5170
2524,274 -> 2524,4640
6370,4021 -> 6377,4028
891,1153 -> 891,149
5139,3038 -> 6049,2128
5678,1139 -> 4932,393
292,559 -> 292,4179
6378,6292 -> 6386,6300
3565,3659 -> 3565,1345
4481,4396 -> 5453,4396
5663,5166 -> 6231,5734
3264,1477 -> 918,3823
506,5642 -> 4746,5642
214,195 -> 3699,195
42,2553 -> 3,2514
2390,2403 -> 5287,2403
3615,553 -> 5315,2253
834,1791 -> 5339,6296
6048,3423 -> 6048,3388
1199,436 -> 64,1571
650,4785 -> 266,4401
1702,5085 -> 270,5085
5478,5474 -> 6014,6010
2520,4337 -> 81,1898
2850,1768 -> 4756,1768
5607,1307 -> 5607,1325
2220,667 -> 2220,4841
4504,3108 -> 4504,5927
2217,143 -> 413,143
3439,4551 -> 4795,5907
5836,6201 -> 508,873
4303,6003 -> 5717,4589
4607,1977 -> 4607,6159
5581,4217 -> 5196,4602
290,2210 -> 876,2210
6006,955 -> 4783,2178
566,715 -> 3477,3626
3357,2126 -> 3357,3098
3000,4917 -> 6013,4917
4723,3557 -> 5610,3557
464,830 -> 292,658
2801,5372 -> 5860,5372
896,5387 -> 519,5387
4745,470 -> 4745,5679
3825,5107 -> 2393,3675
4046,4052 -> 5768,2330
3584,1370 -> 5474,3260
585,2752 -> 656,2752
3669,118 -> 3728,59
710,4873 -> 710,475
6020,4545 -> 6020,4458
3219,1937 -> 3701,1455
3505,1459 -> 819,4145
3243,5022 -> 5700,5022
4461,4429 -> 4461,1016
548,3801 -> 548,1649
4721,1667 -> 4506,1452
5041,5850 -> 4780,5850
942,470 -> 2380,1908
1923,3101 -> 1923,3223
2222,1096 -> 4418,3292
4667,2446 -> 6387,2446
2373,3228 -> 2373,2722
3505,2952 -> 3505,4579
1088,5399 -> 2059,6370
1600,675 -> 1600,5689
34,3559 -> 3588,3559
5097,2436 -> 4507,3026
905,5842 -> 1912,5842
4123,6164 -> 4123,5508
5826,3439 -> 5826,4042
4244,3704 -> 5270,3704
1115,3164 -> 242,3164
2963,3357 -> 583,3357
4049,3630 -> 4049,2463
5094,3121 -> 4303,2330
6050,972 -> 655,6367
1968,41 -> 4354,41
328,3862 -> 302,3862
5265,1865 -> 5922,1865
336,2962 -> 1718,2962
6136,6087 -> 6239,5984
272,2399 -> 80,2399
554,544 -> 554,3199
3026,1348 -> 3172,1348
3676,21 -> 3696,1
4066,2493 -> 4543,2493
2687,2782 -> 3358,2111
2087,648 -> 2087,3214
226,2378 -> 226,661
5976,5557 -> 5976,3045
5007,1093 -> 5007,5799
6387,5015 -> 6387,5651
441,6080 -> 5863,6080
3554,6100 -> 3554,917
1163,3382 -> 3801,3382
3736,424 -> 1605,2555
5355,5119 -> 5355,227
1321,2454 -> 1321,534
6095,1879 -> 6095,5303
1962,4332 -> 840,4332
390,33 -> 2413,33
3038,1155 -> 273,1155
2959,383 -> 2959,5147
4166,5149 -> 486,5149
1324,5485 -> 5838,5485
1714,2062 -> 1714,3634
4974,3648 -> 5350,3648
3249,16 -> 3249,4497
4881,1773 -> 1099,1773
5125,1472 -> 5125,6011
425,6113 -> 425,1500
4759,3578 -> 3531,3578
577,1067 -> 6196,1067
5942,1739 -> 328,1739
5077,902 -> 4867,902
467,2053 -> 1315,2053
2392,995 -> 2392,3210
2590,4701 -> 2903,4701
3639,4820 -> 5417,4820
1833,3799 -> 2790,4756
4296,4589 -> 4296,4691
957,753 -> 957,1200
1737,3854 -> 1737,2580
4695,5357 -> 4695,2814
1653,1482 -> 256,85
4089,4463 -> 5030,3522
4403,4922 -> 4853,5372
3276,3244 -> 5887,3244
3381,4638 -> 2794,5225
4508,1533 -> 4508,742
2071,1708 -> 2071,695
609,2997 -> 609,3534
1693,1616 -> 2995,314
2690,260 -> 2690,757
1486,2083 -> 1708,2083
1523,5619 -> 1523,2752
1887,5577 -> 1887,6316
6168,2378 -> 6168,5695
2682,4506 -> 4848,4506
3174,5961 -> 3174,2777
4305,1616 -> 5023,2334
5061,4630 -> 5337,4630
3294,3154 -> 3294,1378
4239,1486 -> 4881,2128
3566,382 -> 3566,1395
3723,6217 -> 5217,4723
1425,769 -> 4215,769
5991,3215 -> 1337,3215
6184,2090 -> 6184,2987
4733,6100 -> 6041,4792
4683,1016 -> 4748,951
5752,1531 -> 5752,4064
5891,4084 -> 6079,3896
5673,279 -> 5858,94
292,5178 -> 292,5265
374,1422 -> 101,1149
4849,6137 -> 2447,6137
3758,336 -> 3758,307
5212,2127 -> 4707,2127
958,1258 -> 958,3668
4271,370 -> 5736,370
2550,2013 -> 2550,5343
1239,5507 -> 1326,5507
4193,1224 -> 3736,1224
3989,4450 -> 547,4450
6214,1265 -> 839,1265
4883,3090 -> 4883,6085
1443,2091 -> 5682,2091
2176,3722 -> 1517,3722
786,4972 -> 644,4972
6072,3547 -> 6072,1131
3983,3136 -> 4187,3136
5091,722 -> 5091,1651
4069,6304 -> 2530,6304
4220,5981 -> 4220,6068
5057,4840 -> 4124,4840
1434,5221 -> 1434,6051
2714,4120 -> 1527,5307
6380,728 -> 1519,728
4948,5869 -> 4314,5235
2212,2232 -> 2212,5447
882,1418 -> 5766,1418
2567,1623 -> 2567,6233
3890,6335 -> 3890,4314
780,207 -> 869,118
3508,2669 -> 800,2669
5097,4894 -> 4191,5800
1605,5289 -> 1219,4903
4536,3601 -> 2380,1445
3056,4289 -> 4960,4289
2181,2462 -> 3567,3848
1031,4345 -> 1031,1794
1788,3227 -> 3827,3227
4676,1734 -> 1845,4565
6264,5859 -> 4918,5859
4538,3098 -> 2460,3098
4688,709 -> 4688,1897
5260,2094 -> 5525,2094
5784,5584 -> 5784,1717
1093,4725 -> 321,5497
143,1876 -> 3422,1876
5835,6109 -> 6013,6287
2557,5173 -> 4620,5173
3802,5730 -> 4037,5965
602,1597 -> 1113,2108
2744,4246 -> 4430,4246
572,2731 -> 536,2767
6136,2543 -> 5748,2931
766,5930 -> 479,6217
3847,6050 -> 5271,6050
5629,4968 -> 6334,4968
482,2027 -> 1457,3002
5635,1691 -> 6211,1691
4337,1540 -> 4337,5613
610,4854 -> 3637,1827
402,2577 -> 2845,2577
1147,1051 -> 614,1051
3764,321 -> 4149,321
2997,2486 -> 2997,823
1845,989 -> 1949,885
797,2784 -> 13,2000
2818,806 -> 2552,806
2365,732 -> 2318,732
3892,4562 -> 3892,1073
5634,3022 -> 6176,3564
4821,1193 -> 6366,2738
573,4809 -> 6078,4809
464,3777 -> 2011,3777
31,1819 -> 31,1958
2810,3513 -> 880,5443
5434,3440 -> 3074,1080
6036,3909 -> 3777,3909
1637,5523 -> 1637,3711
3520,6003 -> 3520,1858
345,3018 -> 365,3038
3158,3568 -> 5846,3568
5691,6196 -> 664,6196
97,6313 -> 97,2253
5684,4924 -> 5291,5317
3093,1813 -> 2528,2378
183,562 -> 5060,562
51,4482 -> 988,4482
162,969 -> 3697,969
3847,3736 -> 3847,119
2823,730 -> 1599,1954
3000,1583 -> 823,1583
3926,4710 -> 4878,4710
876,4373 -> 1900,4373
5797,2023 -> 5791,2023
5380,2112 -> 5544,2112
4311,1839 -> 2929,3221
3931,4489 -> 2526,3084
845,309 -> 845,2443
4712,4618 -> 4712,3404
3278,5244 -> 3278,2836
3365,3190 -> 68,3190
2264,4342 -> 2499,4342
2736,345 -> 2769,312
380,760 -> 380,4486
5382,5537 -> 5059,5537
5662,3334 -> 5662,5749
483,4517 -> 525,4559
3554,4473 -> 3554,1375
5329,3495 -> 4162,4662
6233,285 -> 6233,3511
6001,1720 -> 6001,4414
6061,2562 -> 6213,2714
4808,2730 -> 825,2730
5069,6257 -> 559,6257
1409,92 -> 1409,5552
290,748 -> 1221,748
4165,1752 -> 2386,3531
2375,3454 -> 2375,4576
2520,3422 -> 5248,694
4005,1464 -> 25,1464
233,491 -> 31,289
3284,2994 -> 3296,2994
2971,1961 -> 2971,2370
6045,4141 -> 2283,4141
6295,3519 -> 6295,5572
4031,3434 -> 2413,1816
5654,2804 -> 4170,2804
2559,1537 -> 1494,472
1680,422 -> 2645,422
2405,1370 -> 2381,1346
4413,3182 -> 2296,3182
3267,4041 -> 3267,2175
5268,1498 -> 6101,2331
4355,4214 -> 4355,2429
2318,593 -> 2403,593
4801,6335 -> 4828,6362
1741,1516 -> 783,1516
6240,1146 -> 5041,2345
1216,1354 -> 1216,57
5004,2178 -> 5004,3888
4086,5251 -> 2895,5251
3343,6163 -> 3343,1158
8,610 -> 8,3052
6378,2828 -> 5565,2828
3214,6062 -> 92,2940
1826,4936 -> 5606,4936
1976,109 -> 1976,4951
2481,3013 -> 3214,2280
2445,522 -> 2445,2216
1736,2867 -> 3372,2867
755,3187 -> 2325,3187
2439,575 -> 1964,575
517,1563 -> 517,4375
4776,5787 -> 4776,1837
5058,1438 -> 5058,2474
3101,3725 -> 3101,1109
434,1631 -> 434,1045
38,359 -> 32,353
300,3537 -> 271,3566
587,1915 -> 2670,3998
751,5711 -> 2513,5711
1813,6009 -> 1813,5445
4629,4932 -> 4312,4932
6213,3709 -> 4985,2481
346,310 -> 2259,310
6312,5195 -> 6312,2406
2246,3778 -> 3501,2523
4998,297 -> 4998,2687
5045,4500 -> 5436,4500
4293,1442 -> 3297,1442
2061,455 -> 396,455
121,805 -> 1046,1730
2785,4990 -> 1916,4990
4840,253 -> 4840,1545
6319,1036 -> 6319,3880
6108,3017 -> 5283,2192
3944,600 -> 2699,600
4013,4296 -> 3175,4296
3947,238 -> 3947,962
3969,387 -> 3826,244
187,5210 -> 851,5210
3695,548 -> 4096,147
5987,5682 -> 6279,5974
2741,3682 -> 1350,2291
1929,4008 -> 1929,2585
6360,2323 -> 6360,3459
4437,4509 -> 4437,5396
51,369 -> 42,360
5231,1767 -> 5231,3241
3216,2888 -> 2891,3213
5155,2030 -> 5749,1436
3283,3121 -> 3283,140
6100,1926 -> 2560,1926
750,3424 -> 2234,3424
2775,2658 -> 2775,6223
5057,3182 -> 6141,4266
230,870 -> 2471,870
584,3092 -> 2380,4888
1614,38 -> 5512,38
4947,3390 -> 4947,1720
2912,2515 -> 2912,5825
5824,3521 -> 309,3521
1107,1688 -> 1066,1729
5586,2758 -> 5586,2207
2759,3511 -> 5358,6110
2991,3940 -> 2306,4625
2526,2086 -> 2526,1838
5972,1452 -> 2598,1452
2037,4141 -> 2967,4141
2129,1386 -> 2129,2941
4847,2581 -> 4847,1875
3077,2108 -> 1164,195
247,3161 -> 785,3161
3452,4256 -> 3452,1972
3515,5164 -> 605,2254
619,128 -> 572,81
3126,5508 -> 1225,5508
4831,6232 -> 2944,6232
6354,2518 -> 5245,3627
4585,2907 -> 5403,3725
5858,5755 -> 4811,5755
6143,4851 -> 4788,3496
4558,4091 -> 1281,4091
6263,1400 -> 6263,750
2816,6239 -> 3809,6239
2042,3396 -> 1670,3768
2885,6163 -> 2660,5938
840,1334 -> 840,2662
2578,2392 -> 2097,1911
5184,2820 -> 5184,2018
3687,5022 -> 2896,5022
295,1725 -> 64,1956
2862,6246 -> 2862,2558
4343,1409 -> 5775,1409
2883,2304 -> 3456,2304
5010,4714 -> 5010,214
1037,4733 -> 1037,5305
1160,6279 -> 1107,6332
5843,630 -> 5783,570
5772,3985 -> 5980,4193
6021,586 -> 6021,2336
5163,2911 -> 5897,3645
1287,6282 -> 3230,6282
1129,6335 -> 1278,6335
5379,2104 -> 5379,4048
2736,5173 -> 1124,5173
275,4571 -> 835,4011
2876,2086 -> 5948,2086
3432,1679 -> 3432,4744
1749,2048 -> 1749,908
1302,3296 -> 5909,3296
2039,1100 -> 2539,600
2709,4040 -> 2307,4442
1103,1303 -> 644,844
1633,1455 -> 3771,1455
4063,2157 -> 4063,1502
4347,2725 -> 2198,4874
1440,5281 -> 2998,5281
1559,4415 -> 724,3580
6092,1521 -> 676,1521
3913,1003 -> 4947,2037
5152,3505 -> 5152,3339
2177,729 -> 1872,1034
5097,4834 -> 5715,4834
4307,1694 -> 263,1694
773,5000 -> 773,5423
1259,3955 -> 1259,3226
3574,5597 -> 3574,2525
5254,2010 -> 5254,3346
4807,3325 -> 4523,3325
1560,3486 -> 5684,3486
3676,6111 -> 1358,6111
5945,245 -> 5935,235
1676,1537 -> 1676,3470
5813,5306 -> 2423,5306
2677,6369 -> 2677,1067
2398,1138 -> 96,1138
4506,4342 -> 2768,4342
5651,425 -> 2650,425
602,3369 -> 2289,1682
3150,852 -> 994,852
4447,1373 -> 4447,3649
3165,4144 -> 5202,4144
558,4708 -> 1359,5509
2256,3031 -> 1982,2757
3815,3398 -> 1937,3398
1993,5824 -> 1993,404
1439,5904 -> 1528,5993
368,6301 -> 2615,6301
4823,4426 -> 5899,4426
4546,3050 -> 4546,2303
5338,5718 -> 5338,1984
150,2909 -> 2514,2909
5676,6175 -> 5314,5813
3519,6164 -> 5938,6164
3995,5438 -> 3995,1884
207,2389 -> 3266,2389
4498,1679 -> 3748,1679
1042,4794 -> 1042,3863
3435,1772 -> 3435,2345
6338,2595 -> 6338,1290
1370,1923 -> 12,565
1478,3753 -> 788,3753
2485,4225 -> 5203,4225
3220,205 -> 308,205
3606,4204 -> 3606,2581
5286,990 -> 5286,1324
1548,103 -> 1548,3489
3715,5205 -> 3715,2199
803,2061 -> 72,2061
5523,216 -> 2965,216
2281,4785 -> 2656,4785
2837,4446 -> 2041,4446
1764,757 -> 2134,387
5534,5069 -> 473,5069
1657,4888 -> 167,6378
5304,5204 -> 6065,4443
5385,1266 -> 1444,5207
4519,6000 -> 3776,6000
1792,2049 -> 5099,2049
2647,4098 -> 4378,4098
2695,4932 -> 3801,4932
5525,91 -> 48,91
5226,5122 -> 5226,4323
3993,5406 -> 3993,4330
4007,4254 -> 4007,1763
2898,3796 -> 560,1458
4503,4427 -> 3488,4427
2262,3345 -> 296,1379
2648,5207 -> 2900,5459
1476,6295 -> 4114,6295
1434,4546 -> 1434,1292
1101,1288 -> 202,2187
3478,4012 -> 5099,5633
5270,6220 -> 88,6220
4027,1960 -> 1702,1960
4205,2039 -> 2821,655
3048,4426 -> 4182,3292
1331,1258 -> 1121,1258
435,107 -> 1627,1299
1071,3480 -> 1250,3480
1507,2130 -> 5991,2130
3602,2066 -> 1090,2066
3384,6059 -> 3384,2532
1544,2620 -> 1544,4545
262,5831 -> 575,6144
849,5505 -> 2625,5505
65,584 -> 4713,584
2239,4667 -> 6309,4667
3822,2400 -> 1383,2400
3471,4065 -> 3471,116
5157,317 -> 3718,317
4870,1390 -> 4870,3335
4424,3156 -> 4424,3556
5811,4506 -> 3958,6359
780,1717 -> 3870,1717
3428,6028 -> 6108,6028
2969,3194 -> 3665,3194
4954,1187 -> 1982,4159
1756,5418 -> 3515,3659
4318,1329 -> 4187,1329
1712,2633 -> 1712,2190
5770,1266 -> 1856,1266
5064,4966 -> 51,4966
1060,1196 -> 715,1541
5430,1907 -> 4326,3011
4417,3962 -> 4417,2639
4090,108 -> 4710,728
1897,2729 -> 2285,2341
4944,3230 -> 2861,1147
2385,4184 -> 406,2205
1445,2388 -> 4476,2388
2517,4215 -> 2517,3224
4853,1592 -> 2692,1592
2921,1655 -> 278,1655
2772,1300 -> 3172,1700
3138,5029 -> 3799,5029
4440,3916 -> 4332,3808
2543,6169 -> 2543,1401
5715,104 -> 2942,104
3607,1530 -> 3979,1158
2169,3106 -> 1904,3371
1847,2850 -> 4688,2850
874,5947 -> 874,5295
2104,2581 -> 2188,2581
3718,994 -> 3718,5934
4316,2953 -> 4316,3068
5939,1839 -> 5939,5367
5403,1438 -> 5403,2733
1017,3001 -> 4547,3001
2017,4676 -> 6371,4676
5926,3447 -> 277,3447
3268,2051 -> 3268,6068
1812,5370 -> 4215,2967
4646,5584 -> 4646,5319
663,890 -> 68,295
5316,139 -> 5762,585
1431,1020 -> 2390,61
1604,2965 -> 1805,2764
1986,561 -> 1902,477
4352,2299 -> 1528,2299
3433,2857 -> 5149,2857
50,4083 -> 2311,6344
2994,3953 -> 1982,2941
1659,175 -> 2610,175
3350,3553 -> 5956,6159
5009,783 -> 3354,783
1185,4867 -> 266,3948
3831,3497 -> 4238,3090
5011,2021 -> 2575,4457
1210,3401 -> 1210,5635
4178,2056 -> 698,2056
61,2658 -> 4948,2658
4757,5117 -> 4757,4617
3889,203 -> 3889,3237
5063,4526 -> 5063,4875
1700,4956 -> 6152,4956
5563,584 -> 508,584
1678,3303 -> 1678,4416
4802,2975 -> 636,2975
6228,5936 -> 5956,5936
3271,344 -> 3271,1748
915,2203 -> 915,2148
5840,846 -> 6094,592
1342,3648 -> 5243,3648
2910,14 -> 3117,221
1712,525 -> 1712,578
6129,5205 -> 6158,5234
5014,3696 -> 4222,2904
2970,5569 -> 5366,5569
4854,1066 -> 4854,4841
3348,4443 -> 4816,2975
2184,451 -> 953,451
5348,1697 -> 5705,1340
1171,5228 -> 2080,5228
6233,1555 -> 6233,1217
160,5210 -> 4881,5210
2856,4236 -> 2856,3798
5995,5055 -> 1186,246
2754,3736 -> 2972,3954
6194,5919 -> 2510,2235
4540,4241 -> 1455,4241
59,6388 -> 4186,6388
2931,4240 -> 4348,4240
3338,4776 -> 3338,552
1641,1716 -> 1641,4670
2800,6046 -> 1138,6046
4936,3877 -> 4936,4899
97,1596 -> 87,1606
3704,675 -> 4134,245
4927,3993 -> 6251,5317
5112,5594 -> 5112,1718
1697,3833 -> 2439,3833
5208,3730 -> 5858,3080
17,6246 -> 1,6262
4807,5745 -> 4807,2408
1557,3951 -> 1458,3951
321,5291 -> 321,3994
5024,6337 -> 2735,4048
6067,1955 -> 6328,2216
5286,3660 -> 3302,3660
1938,1686 -> 1938,1256
330,4673 -> 330,2544
2842,3647 -> 2842,2699
6098,5122 -> 5870,5350
5161,1142 -> 5638,665
522,5251 -> 522,2431
5469,4217 -> 5469,574
1768,1190 -> 3946,1190
3244,1304 -> 2580,640
5925,5318 -> 6293,5318
4768,3134 -> 5361,2541
2538,502 -> 4105,502
4012,1557 -> 4012,1150
4412,5010 -> 4412,2367
376,2925 -> 1250,2925
5357,4019 -> 5704,4019
5531,6274 -> 5531,2745
5944,1884 -> 2061,1884
868,297 -> 868,1403
1937,390 -> 1937,4023
3977,1818 -> 868,1818
4896,3426 -> 4494,3426
556,3815 -> 5390,3815
4745,4650 -> 4745,3820
4896,5374 -> 4896,3378
